--Converted with ttyyuu12345's model to script plugin v4
function sandbox(var,func)
	local env = getfenv(func)
	local newenv = setmetatable({},{
		__index = function(self,k)
			if k=="script" then
				return var
			else
				return env[k]
			end
		end,
	})
	setfenv(func,newenv)
	return func
end
cors = {}
mas = Instance.new("Model",game:GetService("TestService"))
Folder0 = Instance.new("Folder")
Model1 = Instance.new("Model")
Part2 = Instance.new("Part")
Part3 = Instance.new("Part")
SpecialMesh4 = Instance.new("SpecialMesh")
Weld5 = Instance.new("Weld")
Part6 = Instance.new("Part")
SpecialMesh7 = Instance.new("SpecialMesh")
Part8 = Instance.new("Part")
SpecialMesh9 = Instance.new("SpecialMesh")
Part10 = Instance.new("Part")
SpecialMesh11 = Instance.new("SpecialMesh")
UnionOperation12 = Instance.new("UnionOperation")
Weld13 = Instance.new("Weld")
Weld14 = Instance.new("Weld")
Weld15 = Instance.new("Weld")
Weld16 = Instance.new("Weld")
Weld17 = Instance.new("Weld")
Folder18 = Instance.new("Folder")
Part19 = Instance.new("Part")
SpecialMesh20 = Instance.new("SpecialMesh")
UnionOperation21 = Instance.new("UnionOperation")
Part22 = Instance.new("Part")
SpecialMesh23 = Instance.new("SpecialMesh")
Part24 = Instance.new("Part")
SpecialMesh25 = Instance.new("SpecialMesh")
Part26 = Instance.new("Part")
SpecialMesh27 = Instance.new("SpecialMesh")
Part28 = Instance.new("Part")
SpecialMesh29 = Instance.new("SpecialMesh")
Part30 = Instance.new("Part")
SpecialMesh31 = Instance.new("SpecialMesh")
Part32 = Instance.new("Part")
SpecialMesh33 = Instance.new("SpecialMesh")
Part34 = Instance.new("Part")
SpecialMesh35 = Instance.new("SpecialMesh")
Part36 = Instance.new("Part")
SpecialMesh37 = Instance.new("SpecialMesh")
Part38 = Instance.new("Part")
SpecialMesh39 = Instance.new("SpecialMesh")
Part40 = Instance.new("Part")
SpecialMesh41 = Instance.new("SpecialMesh")
Part42 = Instance.new("Part")
SpecialMesh43 = Instance.new("SpecialMesh")
Weld44 = Instance.new("Weld")
Weld45 = Instance.new("Weld")
Weld46 = Instance.new("Weld")
Weld47 = Instance.new("Weld")
Weld48 = Instance.new("Weld")
Weld49 = Instance.new("Weld")
Weld50 = Instance.new("Weld")
Weld51 = Instance.new("Weld")
Weld52 = Instance.new("Weld")
Weld53 = Instance.new("Weld")
Weld54 = Instance.new("Weld")
Motor6D55 = Instance.new("Motor6D")
Motor6D56 = Instance.new("Motor6D")
Part57 = Instance.new("Part")
SpecialMesh58 = Instance.new("SpecialMesh")
Weld59 = Instance.new("Weld")
Model60 = Instance.new("Model")
MeshPart61 = Instance.new("MeshPart")
Folder62 = Instance.new("Folder")
Part63 = Instance.new("Part")
SpecialMesh64 = Instance.new("SpecialMesh")
Part65 = Instance.new("Part")
SpecialMesh66 = Instance.new("SpecialMesh")
Part67 = Instance.new("Part")
SpecialMesh68 = Instance.new("SpecialMesh")
Part69 = Instance.new("Part")
SpecialMesh70 = Instance.new("SpecialMesh")
Decal71 = Instance.new("Decal")
Decal72 = Instance.new("Decal")
Decal73 = Instance.new("Decal")
Weld74 = Instance.new("Weld")
Weld75 = Instance.new("Weld")
Weld76 = Instance.new("Weld")
Part77 = Instance.new("Part")
SpecialMesh78 = Instance.new("SpecialMesh")
Part79 = Instance.new("Part")
SpecialMesh80 = Instance.new("SpecialMesh")
Decal81 = Instance.new("Decal")
Decal82 = Instance.new("Decal")
Decal83 = Instance.new("Decal")
Part84 = Instance.new("Part")
SpecialMesh85 = Instance.new("SpecialMesh")
Part86 = Instance.new("Part")
SpecialMesh87 = Instance.new("SpecialMesh")
Weld88 = Instance.new("Weld")
Weld89 = Instance.new("Weld")
Weld90 = Instance.new("Weld")
Motor6D91 = Instance.new("Motor6D")
Motor6D92 = Instance.new("Motor6D")
Model93 = Instance.new("Model")
Part94 = Instance.new("Part")
SpecialMesh95 = Instance.new("SpecialMesh")
Part96 = Instance.new("Part")
SpecialMesh97 = Instance.new("SpecialMesh")
Part98 = Instance.new("Part")
SpecialMesh99 = Instance.new("SpecialMesh")
Part100 = Instance.new("Part")
SpecialMesh101 = Instance.new("SpecialMesh")
Part102 = Instance.new("Part")
SpecialMesh103 = Instance.new("SpecialMesh")
ParticleEmitter104 = Instance.new("ParticleEmitter")
ParticleEmitter105 = Instance.new("ParticleEmitter")
Part106 = Instance.new("Part")
SpecialMesh107 = Instance.new("SpecialMesh")
Part108 = Instance.new("Part")
SpecialMesh109 = Instance.new("SpecialMesh")
Part110 = Instance.new("Part")
SpecialMesh111 = Instance.new("SpecialMesh")
Part112 = Instance.new("Part")
SpecialMesh113 = Instance.new("SpecialMesh")
Part114 = Instance.new("Part")
SpecialMesh115 = Instance.new("SpecialMesh")
Part116 = Instance.new("Part")
SpecialMesh117 = Instance.new("SpecialMesh")
UnionOperation118 = Instance.new("UnionOperation")
Weld119 = Instance.new("Weld")
Part120 = Instance.new("Part")
SpecialMesh121 = Instance.new("SpecialMesh")
Part122 = Instance.new("Part")
SpecialMesh123 = Instance.new("SpecialMesh")
Part124 = Instance.new("Part")
SpecialMesh125 = Instance.new("SpecialMesh")
Part126 = Instance.new("Part")
SpecialMesh127 = Instance.new("SpecialMesh")
Weld128 = Instance.new("Weld")
Weld129 = Instance.new("Weld")
Weld130 = Instance.new("Weld")
Weld131 = Instance.new("Weld")
Weld132 = Instance.new("Weld")
Weld133 = Instance.new("Weld")
Weld134 = Instance.new("Weld")
Weld135 = Instance.new("Weld")
Weld136 = Instance.new("Weld")
Weld137 = Instance.new("Weld")
Weld138 = Instance.new("Weld")
Weld139 = Instance.new("Weld")
Weld140 = Instance.new("Weld")
Weld141 = Instance.new("Weld")
Weld142 = Instance.new("Weld")
Part143 = Instance.new("Part")
SpecialMesh144 = Instance.new("SpecialMesh")
Part145 = Instance.new("Part")
SpecialMesh146 = Instance.new("SpecialMesh")
Weld147 = Instance.new("Weld")
Folder0.Name = "NewMorphs"
Folder0.Parent = mas
Model1.Name = "pp"
Model1.Parent = Folder0
Part2.Name = "ref"
Part2.Parent = Model1
Part2.CFrame = CFrame.new(329.437683, 358.800049, 484.749573, 1, 1.36424205e-12, -3.77524501e-09, 1.18052412e-08, 0.999999881, 5.07300744e-13, -3.77566778e-09, -1.4835816e-13, 0.999999881)
Part2.Position = Vector3.new(329.43768310546875, 358.800048828125, 484.74957275390625)
Part2.Color = Color3.new(0.917647, 0.721569, 0.572549)
Part2.Transparency = 1
Part2.Size = Vector3.new(2.015162944793701, 2.015162944793701, 1.0075814723968506)
Part2.BrickColor = BrickColor.new("Light orange")
Part2.CanCollide = false
Part2.LeftParamA = 0
Part2.LeftParamB = 0
Part2.LeftSurface = Enum.SurfaceType.Weld
Part2.RightParamA = 0
Part2.RightParamB = 0
Part2.RightSurface = Enum.SurfaceType.Weld
Part2.brickColor = BrickColor.new("Light orange")
Part2.FormFactor = Enum.FormFactor.Symmetric
Part2.formFactor = Enum.FormFactor.Symmetric
Part3.Name = "skin2"
Part3.Parent = Part2
Part3.CFrame = CFrame.new(329.438934, 357.746307, 485.253479, -0.994692683, -0.00073461642, 0.10288883, 0.0273958854, 0.961985707, 0.271722347, -0.0991771743, 0.273099005, -0.956860006)
Part3.Orientation = Vector3.new(-15.767000198364258, 173.86300659179688, 1.63100004196167)
Part3.Position = Vector3.new(329.4389343261719, 357.7463073730469, 485.25347900390625)
Part3.Rotation = Vector3.new(-164.14700317382812, 5.906000137329102, 179.95799255371094)
Part3.Color = Color3.new(0.917647, 0.721569, 0.572549)
Part3.Size = Vector3.new(0.34033963084220886, 0.3403400778770447, 0.34034019708633423)
Part3.BottomSurface = Enum.SurfaceType.Smooth
Part3.BrickColor = BrickColor.new("Light orange")
Part3.CanCollide = false
Part3.Material = Enum.Material.SmoothPlastic
Part3.TopSurface = Enum.SurfaceType.Smooth
Part3.brickColor = BrickColor.new("Light orange")
Part3.FormFactor = Enum.FormFactor.Custom
Part3.formFactor = Enum.FormFactor.Custom
SpecialMesh4.Parent = Part3
SpecialMesh4.Scale = Vector3.new(0.3271630108356476, 0.417944997549057, 0.33474665880203247)
SpecialMesh4.MeshType = Enum.MeshType.Sphere
Weld5.Name = "[Skin] Base"
Weld5.Parent = Part3
Weld5.C0 = CFrame.new(0.0344467163, -0.0694732666, 0.352256775, 0.994638622, -0.0792454928, 0.0664399192, 8.36077379e-06, 0.642537534, 0.766254365, -0.10341233, -0.762145698, 0.63909328)
Weld5.Part0 = Part3
Weld5.Part1 = Part6
Weld5.part1 = Part6
Part6.Name = "skin2"
Part6.Parent = Part2
Part6.CFrame = CFrame.new(329.440979, 357.776154, 484.894043, -0.999999642, -6.33800082e-05, -0.000894652796, -0.000842386624, 0.408848763, 0.91260165, 0.000307944574, 0.912602067, -0.408848643)
Part6.Orientation = Vector3.new(-65.86699676513672, -179.875, -0.11800000071525574)
Part6.Position = Vector3.new(329.44097900390625, 357.7761535644531, 484.89404296875)
Part6.Rotation = Vector3.new(-114.13300323486328, -0.050999999046325684, 179.99600219726562)
Part6.Color = Color3.new(0.917647, 0.721569, 0.572549)
Part6.Size = Vector3.new(1.3268741369247437, 0.8721310496330261, 0.6827187538146973)
Part6.BottomSurface = Enum.SurfaceType.Smooth
Part6.BrickColor = BrickColor.new("Light orange")
Part6.CanCollide = false
Part6.Material = Enum.Material.SmoothPlastic
Part6.TopSurface = Enum.SurfaceType.Smooth
Part6.brickColor = BrickColor.new("Light orange")
Part6.FormFactor = Enum.FormFactor.Custom
Part6.formFactor = Enum.FormFactor.Custom
SpecialMesh7.Parent = Part6
SpecialMesh7.Scale = Vector3.new(0.699999988079071, 1, 1)
SpecialMesh7.MeshType = Enum.MeshType.Sphere
Part8.Name = "skin2"
Part8.Parent = Part2
Part8.CFrame = CFrame.new(328.920532, 357.724609, 485.010681, 0.000282964145, 0.966141641, 0.258012086, 0.000360632606, -0.258012116, 0.966141582, 0.999999762, -0.000180343166, -0.000421432313)
Part8.Orientation = Vector3.new(-75.0479965209961, 90.09400177001953, 179.9199981689453)
Part8.Position = Vector3.new(328.9205322265625, 357.724609375, 485.01068115234375)
Part8.Rotation = Vector3.new(-90.0250015258789, 14.95199966430664, -89.98300170898438)
Part8.Color = Color3.new(0.917647, 0.721569, 0.572549)
Part8.Size = Vector3.new(1.2519723176956177, 1.1566882133483887, 1.2269870042800903)
Part8.BottomSurface = Enum.SurfaceType.Smooth
Part8.BrickColor = BrickColor.new("Light orange")
Part8.CanCollide = false
Part8.Material = Enum.Material.SmoothPlastic
Part8.TopSurface = Enum.SurfaceType.Smooth
Part8.brickColor = BrickColor.new("Light orange")
Part8.FormFactor = Enum.FormFactor.Custom
Part8.formFactor = Enum.FormFactor.Custom
SpecialMesh9.Parent = Part8
SpecialMesh9.MeshType = Enum.MeshType.Sphere
Part10.Name = "skin2"
Part10.Parent = Part2
Part10.CFrame = CFrame.new(329.954895, 357.725555, 485.010376, -0.0003029168, -0.965706289, -0.259637177, -0.000360692327, -0.259637088, 0.96570605, -0.999999762, 0.000386185042, -0.000269672397)
Part10.Orientation = Vector3.new(-74.95099639892578, -90.05999755859375, -179.9199981689453)
Part10.Position = Vector3.new(329.95489501953125, 357.7255554199219, 485.0103759765625)
Part10.Rotation = Vector3.new(-90.01599884033203, -15.048999786376953, 90.01799774169922)
Part10.Color = Color3.new(0.917647, 0.721569, 0.572549)
Part10.Size = Vector3.new(1.2519723176956177, 1.1566882133483887, 1.2269870042800903)
Part10.BottomSurface = Enum.SurfaceType.Smooth
Part10.BrickColor = BrickColor.new("Light orange")
Part10.CanCollide = false
Part10.Material = Enum.Material.SmoothPlastic
Part10.TopSurface = Enum.SurfaceType.Smooth
Part10.brickColor = BrickColor.new("Light orange")
Part10.FormFactor = Enum.FormFactor.Custom
Part10.formFactor = Enum.FormFactor.Custom
SpecialMesh11.Parent = Part10
SpecialMesh11.MeshType = Enum.MeshType.Sphere
UnionOperation12.Name = "skin2"
UnionOperation12.Parent = Part2
UnionOperation12.CFrame = CFrame.new(329.441742, 357.739532, 485.26709, -0.999999642, -0.000700190081, -0.00058242766, -0.000844486058, 0.952346385, 0.305017173, 0.000341110455, 0.305017501, -0.952346563)
UnionOperation12.Orientation = Vector3.new(-17.759000778198242, -179.96499633789062, -0.050999999046325684)
UnionOperation12.Position = Vector3.new(329.4417419433594, 357.7395324707031, 485.26708984375)
UnionOperation12.Rotation = Vector3.new(-162.24099731445312, -0.032999999821186066, 179.9600067138672)
UnionOperation12.Color = Color3.new(0.917647, 0.721569, 0.572549)
UnionOperation12.Size = Vector3.new(0.1113465428352356, 0.1422434151172638, 0.13632355630397797)
UnionOperation12.BrickColor = BrickColor.new("Light orange")
UnionOperation12.CanCollide = false
UnionOperation12.Material = Enum.Material.SmoothPlastic
UnionOperation12.brickColor = BrickColor.new("Light orange")
UnionOperation12.UsePartColor = true
Weld13.Name = "skin2"
Weld13.Parent = Part2
Weld13.C0 = CFrame.new(0.00405883789, -1.06050158, 0.51751709, -0.999999642, -0.000700188917, -0.000582431268, -0.000844474358, 0.952346504, 0.305017203, 0.000341106701, 0.305017531, -0.952346683)
Weld13.Part0 = Part2
Weld13.Part1 = UnionOperation12
Weld13.part1 = UnionOperation12
Weld14.Name = "skin2"
Weld14.Parent = Part2
Weld14.C0 = CFrame.new(-0.517150879, -1.07544565, 0.261108398, 0.000282967929, 0.966141641, 0.258012086, 0.000360632635, -0.258012146, 0.966141701, 0.999999881, -0.000180339528, -0.00042143141)
Weld14.Part0 = Part2
Weld14.Part1 = Part8
Weld14.part1 = Part8
Weld15.Name = "skin2"
Weld15.Parent = Part2
Weld15.C0 = CFrame.new(0.00329589844, -1.02390981, 0.144470215, -0.999999642, -6.33765594e-05, -0.000894654368, -0.000842374924, 0.408848822, 0.912601769, 0.00030794082, 0.912602186, -0.408848703)
Weld15.Part0 = Part2
Weld15.Part1 = Part6
Weld15.part1 = Part6
Weld16.Name = "skin2"
Weld16.Parent = Part2
Weld16.C0 = CFrame.new(0.0012512207, -1.05373728, 0.50390625, -0.994692683, -0.000734615372, 0.10288883, 0.0273959003, 0.961985826, 0.271722376, -0.0991771966, 0.273099035, -0.956860125)
Weld16.Part0 = Part2
Weld16.Part1 = Part3
Weld16.part1 = Part3
Weld17.Name = "skin2"
Weld17.Parent = Part2
Weld17.C0 = CFrame.new(0.517211914, -1.07449555, 0.260803223, -0.000302920584, -0.965706289, -0.259637177, -0.000360692356, -0.259637117, 0.96570617, -0.999999881, 0.000386181462, -0.000269673415)
Weld17.Part0 = Part2
Weld17.Part1 = Part10
Weld17.part1 = Part10
Folder18.Name = "Movables"
Folder18.Parent = Part2
Part19.Name = "pp"
Part19.Parent = Folder18
Part19.CFrame = CFrame.new(329.444977, 357.658508, 484.227631, 0.000190899053, 0.999996245, -5.69559343e-05, 0.249371946, -0.00010286906, -0.968406737, -0.968404412, 0.000171020554, -0.249370351)
Part19.Orientation = Vector3.new(75.55899810791016, -179.98699951171875, 90.02400207519531)
Part19.Position = Vector3.new(329.4449768066406, 357.65850830078125, 484.2276306152344)
Part19.Rotation = Vector3.new(104.44000244140625, -0.003000000026077032, -89.98899841308594)
Part19.Transparency = 1
Part19.Size = Vector3.new(0.40370550751686096, 0.45750221610069275, 0.7462146282196045)
Part19.BottomSurface = Enum.SurfaceType.Smooth
Part19.CanCollide = false
Part19.Material = Enum.Material.SmoothPlastic
Part19.TopSurface = Enum.SurfaceType.Smooth
SpecialMesh20.Parent = Part19
SpecialMesh20.MeshType = Enum.MeshType.Sphere
UnionOperation21.Name = "tip"
UnionOperation21.Parent = Part19
UnionOperation21.CFrame = CFrame.new(329.44162, 357.962189, 482.966125, 0.0384765565, 0.992325842, -0.11751242, 0.304924428, -0.123650163, -0.944315553, -0.951599061, 0.000501606206, -0.307341993)
UnionOperation21.Orientation = Vector3.new(70.78900146484375, -159.0760040283203, 112.072998046875)
UnionOperation21.Position = Vector3.new(329.4416198730469, 357.9621887207031, 482.96612548828125)
UnionOperation21.Rotation = Vector3.new(108.02799987792969, -6.749000072479248, -87.77999877929688)
UnionOperation21.Color = Color3.new(0.854902, 0.52549, 0.478431)
UnionOperation21.Size = Vector3.new(0.509748101234436, 0.29603010416030884, 0.28383713960647583)
UnionOperation21.BackSurface = Enum.SurfaceType.SmoothNoOutlines
UnionOperation21.BottomSurface = Enum.SurfaceType.SmoothNoOutlines
UnionOperation21.BrickColor = BrickColor.new("Medium red")
UnionOperation21.CanCollide = false
UnionOperation21.FrontSurface = Enum.SurfaceType.SmoothNoOutlines
UnionOperation21.LeftSurface = Enum.SurfaceType.SmoothNoOutlines
UnionOperation21.Material = Enum.Material.SmoothPlastic
UnionOperation21.RightSurface = Enum.SurfaceType.SmoothNoOutlines
UnionOperation21.TopSurface = Enum.SurfaceType.SmoothNoOutlines
UnionOperation21.brickColor = BrickColor.new("Medium red")
UnionOperation21.UsePartColor = true
Part22.Name = "skin"
Part22.Parent = Part19
Part22.CFrame = CFrame.new(329.432648, 357.883026, 483.340363, 0.0167768728, 0.992325604, -0.122509554, 0.130899087, -0.123652086, -0.983654261, -0.991253853, 0.000466254103, -0.13196899)
Part22.Orientation = Vector3.new(79.6259994506836, -137.12899780273438, 133.36900329589844)
Part22.Position = Vector3.new(329.4326477050781, 357.8830261230469, 483.3403625488281)
Part22.Rotation = Vector3.new(97.64099884033203, -7.0370001792907715, -89.03099822998047)
Part22.Size = Vector3.new(0.2557835876941681, 0.3332633376121521, 0.3004549443721771)
Part22.BackSurface = Enum.SurfaceType.SmoothNoOutlines
Part22.BottomSurface = Enum.SurfaceType.SmoothNoOutlines
Part22.CanCollide = false
Part22.FrontSurface = Enum.SurfaceType.SmoothNoOutlines
Part22.LeftSurface = Enum.SurfaceType.SmoothNoOutlines
Part22.Material = Enum.Material.SmoothPlastic
Part22.RightSurface = Enum.SurfaceType.SmoothNoOutlines
Part22.TopSurface = Enum.SurfaceType.SmoothNoOutlines
SpecialMesh23.Parent = Part22
SpecialMesh23.Scale = Vector3.new(0.9555694460868835, 1, 1)
SpecialMesh23.MeshType = Enum.MeshType.Cylinder
Part24.Name = "skin"
Part24.Parent = Part19
Part24.CFrame = CFrame.new(329.437256, 357.916473, 483.150116, 0.0281423405, 0.992326558, -0.120399363, 0.221860707, -0.123643614, -0.967207313, -0.974672198, 0.000507588906, -0.223637864)
Part24.Orientation = Vector3.new(75.28600311279297, -151.7030029296875, 119.13099670410156)
Part24.Position = Vector3.new(329.437255859375, 357.9164733886719, 483.1501159667969)
Part24.Rotation = Vector3.new(103.01899719238281, -6.914999961853027, -88.3759994506836)
Part24.Size = Vector3.new(0.2557835876941681, 0.3332633376121521, 0.3004549443721771)
Part24.BackSurface = Enum.SurfaceType.SmoothNoOutlines
Part24.BottomSurface = Enum.SurfaceType.SmoothNoOutlines
Part24.CanCollide = false
Part24.FrontSurface = Enum.SurfaceType.SmoothNoOutlines
Part24.LeftSurface = Enum.SurfaceType.SmoothNoOutlines
Part24.Material = Enum.Material.SmoothPlastic
Part24.RightSurface = Enum.SurfaceType.SmoothNoOutlines
Part24.TopSurface = Enum.SurfaceType.SmoothNoOutlines
SpecialMesh25.Parent = Part24
SpecialMesh25.Scale = Vector3.new(0.9555694460868835, 1, 1)
SpecialMesh25.MeshType = Enum.MeshType.Cylinder
Part26.Name = "skin"
Part26.Parent = Part19
Part26.CFrame = CFrame.new(329.444214, 357.92749, 483.062866, 0.0485485978, 0.99231714, -0.113797732, 0.282973349, -0.122928821, -0.951217413, -0.957898259, 0.0139785493, -0.286767334)
Part26.Orientation = Vector3.new(72.02999877929688, -158.35499572753906, 113.48100280761719)
Part26.Position = Vector3.new(329.4442138671875, 357.927490234375, 483.0628662109375)
Part26.Rotation = Vector3.new(106.7770004272461, -6.533999919891357, -87.1989974975586)
Part26.Size = Vector3.new(0.333625465631485, 0.36531299352645874, 0.35435640811920166)
Part26.BackSurface = Enum.SurfaceType.SmoothNoOutlines
Part26.BottomSurface = Enum.SurfaceType.SmoothNoOutlines
Part26.CanCollide = false
Part26.FrontSurface = Enum.SurfaceType.SmoothNoOutlines
Part26.LeftSurface = Enum.SurfaceType.SmoothNoOutlines
Part26.Material = Enum.Material.SmoothPlastic
Part26.RightSurface = Enum.SurfaceType.SmoothNoOutlines
Part26.TopSurface = Enum.SurfaceType.SmoothNoOutlines
SpecialMesh27.Parent = Part26
SpecialMesh27.Scale = Vector3.new(0.551825761795044, 1, 1)
SpecialMesh27.MeshType = Enum.MeshType.Sphere
Part28.Name = "skin"
Part28.Parent = Part19
Part28.CFrame = CFrame.new(329.433594, 357.863617, 483.869629, 0.00245168363, 0.992329836, -0.123594053, 0.0159459226, -0.123617515, -0.992201746, -0.999869943, 0.000461743621, -0.016126683)
Part28.Orientation = Vector3.new(82.83999633789062, -97.43399810791016, 172.64999389648438)
Part28.Position = Vector3.new(329.43359375, 357.8636169433594, 483.86962890625)
Part28.Rotation = Vector3.new(90.93099975585938, -7.099999904632568, -89.85800170898438)
Part28.Size = Vector3.new(0.8644962310791016, 0.3332633376121521, 0.3004549443721771)
Part28.BackSurface = Enum.SurfaceType.SmoothNoOutlines
Part28.BottomSurface = Enum.SurfaceType.SmoothNoOutlines
Part28.CanCollide = false
Part28.FrontSurface = Enum.SurfaceType.SmoothNoOutlines
Part28.LeftSurface = Enum.SurfaceType.SmoothNoOutlines
Part28.Material = Enum.Material.SmoothPlastic
Part28.RightSurface = Enum.SurfaceType.SmoothNoOutlines
Part28.TopSurface = Enum.SurfaceType.SmoothNoOutlines
SpecialMesh29.Parent = Part28
SpecialMesh29.MeshType = Enum.MeshType.Cylinder
Part30.Name = "tip"
Part30.Parent = Part19
Part30.CFrame = CFrame.new(329.446106, 357.938538, 483.025238, 0.0485484637, 0.99231714, -0.113797665, 0.385902971, -0.123720028, -0.914205849, -0.921261072, 0.000468433951, -0.388944536)
Part30.Orientation = Vector3.new(66.09300231933594, -163.69200134277344, 107.7760009765625)
Part30.Position = Vector3.new(329.44610595703125, 357.93853759765625, 483.0252380371094)
Part30.Rotation = Vector3.new(113.0469970703125, -6.533999919891357, -87.1989974975586)
Part30.Color = Color3.new(0.854902, 0.52549, 0.478431)
Part30.Size = Vector3.new(0.2557835876941681, 0.36531299352645874, 0.35435640811920166)
Part30.BackSurface = Enum.SurfaceType.SmoothNoOutlines
Part30.BottomSurface = Enum.SurfaceType.SmoothNoOutlines
Part30.BrickColor = BrickColor.new("Medium red")
Part30.CanCollide = false
Part30.FrontSurface = Enum.SurfaceType.SmoothNoOutlines
Part30.LeftSurface = Enum.SurfaceType.SmoothNoOutlines
Part30.Material = Enum.Material.SmoothPlastic
Part30.RightSurface = Enum.SurfaceType.SmoothNoOutlines
Part30.TopSurface = Enum.SurfaceType.SmoothNoOutlines
Part30.brickColor = BrickColor.new("Medium red")
SpecialMesh31.Parent = Part30
SpecialMesh31.Scale = Vector3.new(0.551825761795044, 1, 1)
SpecialMesh31.MeshType = Enum.MeshType.Sphere
Part32.Name = "tip"
Part32.Parent = Part19
Part32.CFrame = CFrame.new(329.445007, 357.924683, 483.024811, 0.0264947489, 0.992325962, -0.120778285, 0.208644822, -0.123649158, -0.970143497, -0.977632523, 0.000503943069, -0.210319713)
Part32.Orientation = Vector3.new(75.96399688720703, -150.13299560546875, 120.6520004272461)
Part32.Position = Vector3.new(329.44500732421875, 357.9246826171875, 483.0248107910156)
Part32.Rotation = Vector3.new(102.23200225830078, -6.936999797821045, -88.47100067138672)
Part32.Color = Color3.new(0.854902, 0.52549, 0.478431)
Part32.Size = Vector3.new(0.2557835876941681, 0.351441353559494, 0.31201091408729553)
Part32.BackSurface = Enum.SurfaceType.SmoothNoOutlines
Part32.BottomSurface = Enum.SurfaceType.SmoothNoOutlines
Part32.BrickColor = BrickColor.new("Medium red")
Part32.CanCollide = false
Part32.FrontSurface = Enum.SurfaceType.SmoothNoOutlines
Part32.LeftSurface = Enum.SurfaceType.SmoothNoOutlines
Part32.Material = Enum.Material.SmoothPlastic
Part32.RightSurface = Enum.SurfaceType.SmoothNoOutlines
Part32.TopSurface = Enum.SurfaceType.SmoothNoOutlines
Part32.brickColor = BrickColor.new("Medium red")
SpecialMesh33.Parent = Part32
SpecialMesh33.Scale = Vector3.new(0.5308718085289001, 1, 1)
SpecialMesh33.MeshType = Enum.MeshType.Sphere
Part34.Name = "sack"
Part34.Parent = Part19
Part34.CFrame = CFrame.new(329.444977, 357.658508, 484.227631, 0.00019059889, 0.999996245, -5.48711978e-05, 0.24937214, -0.00010077536, -0.968406677, -0.968404353, 0.000171249732, -0.249370545)
Part34.Orientation = Vector3.new(75.55899810791016, -179.98699951171875, 90.02300262451172)
Part34.Position = Vector3.new(329.4449768066406, 357.65850830078125, 484.2276306152344)
Part34.Rotation = Vector3.new(104.44000244140625, -0.003000000026077032, -89.98899841308594)
Part34.Transparency = 1
Part34.Size = Vector3.new(0.40370550751686096, 0.45750221610069275, 0.7462146282196045)
Part34.BottomSurface = Enum.SurfaceType.Smooth
Part34.CanCollide = false
Part34.Material = Enum.Material.SmoothPlastic
Part34.TopSurface = Enum.SurfaceType.Smooth
SpecialMesh35.Parent = Part34
SpecialMesh35.MeshType = Enum.MeshType.Sphere
Part36.Name = "skin"
Part36.Parent = Part34
Part36.CFrame = CFrame.new(329.582794, 357.565125, 484.215179, -0.320716769, 0.947081685, 0.0133069195, 0.94713223, 0.320536852, 0.0140233841, 0.00901593082, 0.017100947, -0.999813139)
Part36.Orientation = Vector3.new(-0.8040000200271606, 179.23699951171875, 71.3030014038086)
Part36.Position = Vector3.new(329.5827941894531, 357.56512451171875, 484.2151794433594)
Part36.Rotation = Vector3.new(-179.1959991455078, 0.7620000243186951, -108.70800018310547)
Part36.Color = Color3.new(0.705882, 0.419608, 0.529412)
Part36.Size = Vector3.new(0.8896526098251343, 0.4799441397190094, 0.39800238609313965)
Part36.BottomSurface = Enum.SurfaceType.Smooth
Part36.BrickColor = BrickColor.new("Med. reddish violet")
Part36.CanCollide = false
Part36.Material = Enum.Material.SmoothPlastic
Part36.TopSurface = Enum.SurfaceType.Smooth
Part36.brickColor = BrickColor.new("Med. reddish violet")
SpecialMesh37.Parent = Part36
SpecialMesh37.MeshType = Enum.MeshType.Sphere
Part38.Name = "skin"
Part38.Parent = Part34
Part38.CFrame = CFrame.new(329.444977, 357.658508, 484.227631, 0.000190365186, 1, -5.49383076e-05, 0.24937427, -0.000100674821, -0.968407214, -0.968407273, 0.000170650805, -0.249374285)
Part38.Orientation = Vector3.new(75.55999755859375, -179.98699951171875, 90.02300262451172)
Part38.Position = Vector3.new(329.4449768066406, 357.65850830078125, 484.2276306152344)
Part38.Rotation = Vector3.new(104.44000244140625, -0.003000000026077032, -89.98899841308594)
Part38.Color = Color3.new(0.705882, 0.419608, 0.529412)
Part38.Size = Vector3.new(0.40370550751686096, 0.45750221610069275, 0.7462146282196045)
Part38.BottomSurface = Enum.SurfaceType.Smooth
Part38.BrickColor = BrickColor.new("Med. reddish violet")
Part38.CanCollide = false
Part38.Material = Enum.Material.SmoothPlastic
Part38.TopSurface = Enum.SurfaceType.Smooth
Part38.brickColor = BrickColor.new("Med. reddish violet")
SpecialMesh39.Parent = Part38
SpecialMesh39.MeshType = Enum.MeshType.Sphere
Part40.Name = "skin"
Part40.Parent = Part34
Part40.CFrame = CFrame.new(329.284637, 357.569183, 484.211121, 0.282171935, 0.95920682, 0.0173623562, 0.959273458, -0.282347709, 0.00862773228, 0.0131780002, 0.0142207425, -0.999812126)
Part40.Orientation = Vector3.new(-0.49399998784065247, 179.0050048828125, 106.4010009765625)
Part40.Position = Vector3.new(329.2846374511719, 357.5691833496094, 484.21112060546875)
Part40.Rotation = Vector3.new(-179.50599670410156, 0.9950000047683716, -73.60800170898438)
Part40.Color = Color3.new(0.705882, 0.419608, 0.529412)
Part40.Size = Vector3.new(0.8896526098251343, 0.4799441397190094, 0.39800238609313965)
Part40.BottomSurface = Enum.SurfaceType.Smooth
Part40.BrickColor = BrickColor.new("Med. reddish violet")
Part40.CanCollide = false
Part40.Material = Enum.Material.SmoothPlastic
Part40.TopSurface = Enum.SurfaceType.Smooth
Part40.brickColor = BrickColor.new("Med. reddish violet")
SpecialMesh41.Parent = Part40
SpecialMesh41.MeshType = Enum.MeshType.Sphere
Part42.Name = "skin"
Part42.Parent = Part34
Part42.CFrame = CFrame.new(329.445984, 357.585632, 484.235809, -7.64567885e-05, 1, -0.000178504211, 0.233693197, -0.000155694084, -0.972310424, -0.972310364, -0.000116054958, -0.233693182)
Part42.Orientation = Vector3.new(76.48500061035156, -179.95599365234375, 90.03800201416016)
Part42.Position = Vector3.new(329.44598388671875, 357.58563232421875, 484.2358093261719)
Part42.Rotation = Vector3.new(103.51499938964844, -0.009999999776482582, -90.00399780273438)
Part42.Color = Color3.new(0.705882, 0.419608, 0.529412)
Part42.Size = Vector3.new(0.5594719052314758, 0.11212268471717834, 0.7120122909545898)
Part42.BottomSurface = Enum.SurfaceType.Smooth
Part42.BrickColor = BrickColor.new("Med. reddish violet")
Part42.CanCollide = false
Part42.Material = Enum.Material.SmoothPlastic
Part42.TopSurface = Enum.SurfaceType.Smooth
Part42.brickColor = BrickColor.new("Med. reddish violet")
SpecialMesh43.Parent = Part42
SpecialMesh43.MeshType = Enum.MeshType.Sphere
Weld44.Name = "skin"
Weld44.Parent = Part34
Weld44.C0 = CFrame.new(-0.0111999512, 0.137817383, 0.0935211182, 0.227396026, 0.0635536537, 0.971724212, -0.320812374, 0.947047949, 0.0131338537, -0.919443727, -0.31472978, 0.235742003)
Weld44.Part0 = Part34
Weld44.Part1 = Part36
Weld44.part1 = Part36
Weld45.Name = "skin"
Weld45.Parent = Part34
Weld45.C0 = CFrame.new(0, 0, 0, 0.99999553, -2.34416802e-07, -1.31130219e-06, -2.34416802e-07, 0.999995232, 5.17793524e-08, -1.32620335e-06, 5.17866283e-08, 0.999998271)
Weld45.Part0 = Part34
Weld45.Part1 = Part38
Weld45.part1 = Part38
Weld46.Name = "skin"
Weld46.Parent = Part34
Weld46.C0 = CFrame.new(-0.00631713867, -0.160339355, 0.090637207, 0.22650817, -0.0839982331, 0.970377088, 0.282076418, 0.95923394, 0.0171902012, -0.932268262, 0.269828469, 0.240967542)
Weld46.Part0 = Part34
Weld46.Part1 = Part40
Weld46.part1 = Part40
Weld47.Name = "skin"
Weld47.Parent = Part34
Weld47.C0 = CFrame.new(-0.0260925293, 0.00100708008, 0.0685195923, 0.999865055, 0.000263780094, -0.0161599815, -0.00026614379, 0.999994993, -0.000120395081, 0.0161575824, 0.000124816448, 0.999867618)
Weld47.Part0 = Part34
Weld47.Part1 = Part42
Weld47.part1 = Part42
Weld48.Name = "tip"
Weld48.Parent = Part19
Weld48.C0 = CFrame.new(1.2973938, -0.00360107422, 0.0205001831, 0.997581959, -0.0311316866, 0.0621221811, 0.0382828042, 0.992337108, -0.117467329, -0.0579902828, 0.119561739, 0.991131127)
Weld48.Part0 = Part19
Weld48.Part1 = UnionOperation21
Weld48.part1 = UnionOperation21
Weld49.Name = "skin"
Weld49.Parent = Part19
Weld49.C0 = CFrame.new(0.915222168, -0.012512207, 0.00382232666, 0.992579997, -0.0310978703, -0.117521167, 0.0165941902, 0.992334783, -0.122429766, 0.120426401, 0.119571961, 0.985493541)
Weld49.Part0 = Part19
Weld49.Part1 = Part22
Weld49.part1 = Part22
Weld50.Name = "skin"
Weld50.Parent = Part19
Weld50.C0 = CFrame.new(1.1078186, -0.00793457031, 0.0188827515, 0.999209106, -0.0311361961, -0.0246493369, 0.0279531479, 0.992335796, -0.120337255, 0.0282033831, 0.119553551, 0.992430329)
Weld50.Part0 = Part19
Weld50.Part1 = Part24
Weld50.part1 = Part24
Weld51.Name = "skin"
Weld51.Parent = Part19
Weld51.C0 = CFrame.new(1.19503784, -0.0009765625, 0.0299835205, 0.998207808, -0.044003211, 0.0404760987, 0.0483559072, 0.992328346, -0.113747984, -0.0351623595, 0.115502149, 0.992683232)
Weld51.Part0 = Part19
Weld51.Part1 = Part26
Weld51.part1 = Part26
Weld52.Name = "skin"
Weld52.Parent = Part19
Weld52.C0 = CFrame.new(0.397827148, -0.0114746094, -0.109359741, 0.972256064, -0.0310848523, -0.23183611, 0.0022793957, 0.992339015, -0.123493604, 0.233896881, 0.119539484, 0.964887798)
Weld52.Part0 = Part19
Weld52.Part1 = Part28
Weld52.part1 = Part28
Weld53.Name = "tip"
Weld53.Parent = Part19
Weld53.C0 = CFrame.new(1.23425293, 0.000885009766, 0.0286636353, 0.988396168, -0.0311173666, 0.148654372, 0.0483514741, 0.992326021, -0.113769256, -0.143976063, 0.119637541, 0.982321084)
Weld53.Part0 = Part19
Weld53.Part1 = Part30
Weld53.part1 = Part30
Weld54.Name = "tip"
Weld54.Parent = Part19
Weld54.C0 = CFrame.new(1.23120117, -0.000213623047, 0.0421829224, 0.99877882, -0.0311338939, -0.0382770747, 0.0263063814, 0.992334843, -0.120713361, 0.0417399704, 0.119559765, 0.991947591)
Weld54.Part0 = Part19
Weld54.Part1 = Part32
Weld54.part1 = Part32
Motor6D55.Name = "sack"
Motor6D55.Parent = Part19
Motor6D55.C0 = CFrame.new(0, 0, 0, 1, 3.00177874e-07, 1.93716602e-07, -3.00178272e-07, 1, 2.08470669e-06, -1.93715977e-07, -2.08470692e-06, 1)
Motor6D55.Part0 = Part19
Motor6D55.Part1 = Part34
Motor6D55.part1 = Part34
Motor6D56.Name = "pp"
Motor6D56.Parent = Folder18
Motor6D56.C0 = CFrame.new(0.00729370117, -1.1415298, -0.521972656, 0.000191039348, 0.999998808, -5.7937792e-05, 0.249372408, -0.000103801533, -0.968407333, -0.968406498, 0.000170662926, -0.249371961)
Motor6D56.Part1 = Part19
Motor6D56.part1 = Part19
Part57.Name = "skin"
Part57.Parent = Part2
Part57.CFrame = CFrame.new(329.437683, 358.800049, 484.749573, 1, 1.36424205e-12, -3.77524501e-09, 1.18052412e-08, 0.999999881, 5.07300744e-13, -3.77566778e-09, -1.4835816e-13, 0.999999881)
Part57.Position = Vector3.new(329.43768310546875, 358.800048828125, 484.74957275390625)
Part57.Size = Vector3.new(2, 2, 1)
Part57.BottomSurface = Enum.SurfaceType.Smooth
Part57.TopSurface = Enum.SurfaceType.Smooth
SpecialMesh58.Parent = Part57
SpecialMesh58.MeshId = "rbxassetid://6198280881"
SpecialMesh58.MeshType = Enum.MeshType.FileMesh
Weld59.Name = "skin"
Weld59.Parent = Part2
Weld59.Part0 = Part2
Weld59.Part1 = Part57
Weld59.part1 = Part57
Model60.Name = "boba"
Model60.Parent = Folder0
MeshPart61.Name = "ref"
MeshPart61.Parent = Model60
MeshPart61.CFrame = CFrame.new(291.300354, 358.799988, 480.749512, 1.00000226, -2.06057393e-13, 4.3772161e-08, -2.08499884e-13, 1, -1.42108547e-14, -4.3772161e-08, -4.26325641e-14, 1.00000226)
MeshPart61.Position = Vector3.new(291.30035400390625, 358.79998779296875, 480.74951171875)
MeshPart61.Color = Color3.new(0.917647, 0.721569, 0.572549)
MeshPart61.Transparency = 1
MeshPart61.Size = Vector3.new(1.03900146484375, 2.0368998050689697, 2.0369873046875)
MeshPart61.BrickColor = BrickColor.new("Light orange")
MeshPart61.brickColor = BrickColor.new("Light orange")
Folder62.Name = "Movables"
Folder62.Parent = MeshPart61
Part63.Name = "LeftB"
Part63.Parent = Folder62
Part63.CFrame = CFrame.new(290.878326, 359.062225, 480.411499, 0.342866421, -0.234512076, 0.909642935, 0.568972826, -0.718665183, -0.399737924, 0.74747026, 0.654617846, -0.112975262)
Part63.Orientation = Vector3.new(23.562000274658203, 97.08000183105469, 141.63099670410156)
Part63.Position = Vector3.new(290.8783264160156, 359.0622253417969, 480.4114990234375)
Part63.Rotation = Vector3.new(105.78199768066406, 65.45600128173828, 34.37099838256836)
Part63.Color = Color3.new(0.917647, 0.721569, 0.572549)
Part63.Size = Vector3.new(0.7112119197845459, 1.2801587581634521, 1.2598650455474854)
Part63.BackSurface = Enum.SurfaceType.SmoothNoOutlines
Part63.BottomSurface = Enum.SurfaceType.SmoothNoOutlines
Part63.BrickColor = BrickColor.new("Light orange")
Part63.CanCollide = false
Part63.FrontSurface = Enum.SurfaceType.SmoothNoOutlines
Part63.LeftSurface = Enum.SurfaceType.SmoothNoOutlines
Part63.Material = Enum.Material.SmoothPlastic
Part63.RightSurface = Enum.SurfaceType.SmoothNoOutlines
Part63.TopSurface = Enum.SurfaceType.SmoothNoOutlines
Part63.brickColor = BrickColor.new("Light orange")
Part63.FormFactor = Enum.FormFactor.Custom
Part63.formFactor = Enum.FormFactor.Custom
SpecialMesh64.Parent = Part63
SpecialMesh64.Scale = Vector3.new(1, 0.9819999933242798, 1)
SpecialMesh64.MeshType = Enum.MeshType.Cylinder
Part65.Name = "nip"
Part65.Parent = Part63
Part65.CFrame = CFrame.new(290.643402, 358.902649, 479.473541, -0.7744084, -0.631963193, 0.0303548109, 0.612071991, -0.760451436, -0.216983736, 0.160208881, -0.149453059, 0.975703061)
Part65.Orientation = Vector3.new(12.531999588012695, 1.781999945640564, 141.1699981689453)
Part65.Position = Vector3.new(290.6434020996094, 358.90264892578125, 479.4735412597656)
Part65.Rotation = Vector3.new(12.538000106811523, 1.7389999628067017, 140.78399658203125)
Part65.Color = Color3.new(1, 0.580392, 0.580392)
Part65.Size = Vector3.new(0.25253811478614807, 0.25253820419311523, 0.25253811478614807)
Part65.BottomSurface = Enum.SurfaceType.Smooth
Part65.BrickColor = BrickColor.new("Salmon")
Part65.CanCollide = false
Part65.Material = Enum.Material.SmoothPlastic
Part65.TopSurface = Enum.SurfaceType.Smooth
Part65.brickColor = BrickColor.new("Salmon")
Part65.FormFactor = Enum.FormFactor.Custom
Part65.formFactor = Enum.FormFactor.Custom
SpecialMesh66.Parent = Part65
SpecialMesh66.Scale = Vector3.new(0.4946218430995941, 0.4946218430995941, 0.7066025733947754)
SpecialMesh66.MeshType = Enum.MeshType.Sphere
Part67.Name = "skin"
Part67.Parent = Part63
Part67.CFrame = CFrame.new(290.755859, 358.860138, 480.146423, -0.909664452, -0.23448883, 0.34282276, 0.399696887, -0.718646765, 0.56902492, 0.112938531, 0.654646397, 0.747450948)
Part67.Orientation = Vector3.new(-34.68199920654297, 24.638999938964844, 150.91799926757812)
Part67.Position = Vector3.new(290.755859375, 358.8601379394531, 480.14642333984375)
Part67.Rotation = Vector3.new(-37.28200149536133, 20.048999786376953, 165.5449981689453)
Part67.Color = Color3.new(0.917647, 0.721569, 0.572549)
Part67.Size = Vector3.new(1.2598655223846436, 1.2590680122375488, 1.4745838642120361)
Part67.BottomSurface = Enum.SurfaceType.Smooth
Part67.BrickColor = BrickColor.new("Light orange")
Part67.CanCollide = false
Part67.Material = Enum.Material.SmoothPlastic
Part67.TopSurface = Enum.SurfaceType.Smooth
Part67.brickColor = BrickColor.new("Light orange")
Part67.FormFactor = Enum.FormFactor.Custom
Part67.formFactor = Enum.FormFactor.Custom
SpecialMesh68.Parent = Part67
SpecialMesh68.MeshType = Enum.MeshType.Sphere
Part69.Name = "aerola"
Part69.Parent = Part63
Part69.CFrame = CFrame.new(290.716522, 358.805359, 479.936981, -0.89614588, -0.405066013, 0.181249022, 0.367922485, -0.906545103, -0.206904039, 0.248119861, -0.118729152, 0.961425722)
Part69.Orientation = Vector3.new(11.940999984741211, 10.675999641418457, 157.91000366210938)
Part69.Position = Vector3.new(290.7165222167969, 358.80535888671875, 479.9369812011719)
Part69.Rotation = Vector3.new(12.145000457763672, 10.442999839782715, 155.677001953125)
Part69.Color = Color3.new(0.917647, 0.721569, 0.572549)
Part69.Transparency = 1
Part69.Size = Vector3.new(1.0499999523162842, 1.0499999523162842, 1.0499999523162842)
Part69.BottomSurface = Enum.SurfaceType.Smooth
Part69.BrickColor = BrickColor.new("Light orange")
Part69.CanCollide = false
Part69.Material = Enum.Material.SmoothPlastic
Part69.TopSurface = Enum.SurfaceType.Smooth
Part69.brickColor = BrickColor.new("Light orange")
Part69.FormFactor = Enum.FormFactor.Custom
Part69.formFactor = Enum.FormFactor.Custom
SpecialMesh70.Parent = Part69
SpecialMesh70.MeshType = Enum.MeshType.Sphere
Decal71.Name = "Blur Point"
Decal71.Parent = Part69
Decal71.Texture = "http://www.roblox.com/asset/?id=5644846798"
Decal71.Color3 = Color3.new(1, 0.580392, 0.588235)
Decal72.Name = "Blur Point"
Decal72.Parent = Part69
Decal72.Texture = "http://www.roblox.com/asset/?id=5644846798"
Decal72.Color3 = Color3.new(1, 0.580392, 0.588235)
Decal73.Name = "Blur Point"
Decal73.Parent = Part69
Decal73.Texture = "http://www.roblox.com/asset/?id=5644846798"
Decal73.Color3 = Color3.new(1, 0.580392, 0.588235)
Weld74.Name = "aerola"
Weld74.Parent = Part63
Weld74.C0 = CFrame.new(-0.556304932, -0.0880889893, 0.00909423828, 0.0875421911, -0.743430197, 0.663058996, 0.108167499, 0.668773055, 0.735556006, -0.990272701, 0.00732881203, 0.138961256)
Weld74.Part0 = Part63
Weld74.Part1 = Part69
Weld74.part1 = Part69
Weld75.Name = "nip"
Weld75.Parent = Part63
Weld75.C0 = CFrame.new(-0.872436523, -0.444244385, -0.0439453125, 0.202485591, -0.76106739, 0.616259217, -0.153391302, 0.59687829, 0.787532628, -0.967199326, -0.25399372, 0.00411824882)
Weld75.Part0 = Part63
Weld75.Part1 = Part65
Weld75.part1 = Part65
Weld76.Name = "skin"
Weld76.Parent = Part63
Weld76.C0 = CFrame.new(-0.355102539, 0.000427246094, -0.000671386719, -5.83603978e-05, 3.9845705e-05, 0.999999762, 1.05723739e-05, 1, -3.97861004e-05, -1.00000095, 1.04904175e-05, -5.8196485e-05)
Weld76.Part0 = Part63
Weld76.Part1 = Part67
Weld76.part1 = Part67
Part77.Name = "RightB"
